 
 Start
Turn the potentiometer clockwise to increase the steering gain from 0 to 10.2.
Press # when you are finished.
Your gain is 2.0
Select a desired heading (0 to 3599) by inputing 5 digits. Lead with a 0. Press # to confirm.
029
You selected 2900 as your headingïïëÅ(2765 to 3502) by inputing 5 digits. Lead with a 0. Press # to confirm.
032
You selected 3200 as your speed
17,0,2895,0
21,-6,2882,88
25,-45,2803,113
29,-61,2770,89Press 4 for left or 6 for right.
Press space to return to normal path.

33,-23,2823,69
37,-8,2823,69
41,-9,2823,69
45,-8,2823,69
49,-8,2823,69
53,-9,2823,69
57,-8,2823,69
61,-10,2823,69
65,-9,2823,69
69,-9,2823,69
73,-8,2823,69
77,-8,2823,69
81,-9,2823,69
85,-8,2823,69
89,-10,2823,69
93,-9,2823,69
97,-8,2823,69
101,-8,2823,69
105,-9,2823,69
109,-9,2823,69
113,-9,2823,69
117,-9,2823,69
121,-8,2823,69
125,-7,2823,69
129,-9,2823,69
133,-8,2823,69
137,-9,2823,69
141,-9,2823,69
145,-9,2823,69
149,-8,2823,69
153,-9,2823,69
157,-9,2823,69
161,-8,2823,69
165,-9,2823,69
169,-9,2823,69
173,-8,2823,69
177,-8,2823,69
181,-8,2823,69
185,-9,2823,69
189,-9,2823,69
193,-8,2823,69
197,-9,2823,69
201,-8,2823,69
205,-8,2823,69
209,-9,2823,69 
               Start
Turn the potentiometer clockwise to increase the steering gain from 0 to 10.2.
Press # when you are finished. 
                               Start (Good practice run)
Turn the potentiometer clockwise to increase the steering gain from 0 to 10.2.
Press # when you are finished.
Your gain is 2.0
Select a desired heading (0 to 3599) by inputing 5 digits. Lead with a 0. Press # to confirm.
029
You selected 2900 as your headingïïëÅ(2765 to 3502) by inputing 5 digits. Lead with a 0. Press # to confirm.
032
You selected 3200 as your speed
4,-21,2852,104
8,-56,2780,82
12,-74,2744,87
16,-45,2803,103
20,-5,2884,90
24,-13,2868,65
28,-35,2823,84
32,-25,2844,81
36,31,2958,71
40,69,3035,58Press 4 for left or 6 for right.
Press space to return to normal path.

44,47,3025,50
48,33,3025,50
52,34,3025,50
56,33,3025,50
60,34,3025,50
68,33,3025,50
72,33,3025,50
76,34,3025,50
80,33,3025,50
84,33,3025,50
88,35,3025,50
92,33,3025,504
96,34,2425,47
100,57,2425,40
104,131,2425,32
108,203,2425,24
112,247,2425,117
116,162,2425,129 
120,85,3068,119
124,-1,2892,85
128,-43,2807,103
132,-32,2829,126
140,-10,2874,173
144,29,2954,80
148,125,3150,113
152,220,3245,189
156,288,3245,86
160,276,3245,116
164,218,3245,105
168,109,3117,78
172,17,2929,82
176,-56,2780,76
188,-59,2774,91
192,-51,2790,87
196,-82,2727,91
200,-109,2672,81
204,-97,2697,77
208,-69,2754,65
212,-53,2786,69
216,-66,2760,58
220,-92,2707,49
224,-95,2701,38
228,-80,2701,28
232,-81,2701,29
236,-81,2701,29
240,-81,2701,29
244,-81,2701,29
248,-81,2701,29
256,-80,2701,29
268,-81,2701,29
276,-81,2701,29
284,-81,2701,29
288,-80,2701,29
292,-80,2701,29
304,-81,2701,29
308,-80,2701,29
312,-80,2701,29
316,-80,2701,29
324,-81,2701,29
328,-81,2701,29
332,-81,2701,29
336,-81,2701,29
340,-81,2701,29
344,-80,2701,29
348,-80,2701,29
352,-81,2701,29
356,-81,2701,29
360,-79,2701,29 
                Start (This is the data from the run with a marker)
Turn the potentiometer clockwise to increase the steering gain from 0 to 10.2.
Press # when you are finished.
Your gain is 2.0
Select a desired heading (0 to 3599) by inputing 5 digits. Lead with a 0. Press # to confirm.
029
You selected 2900 as your headingïïëÅ(2765 to 3502) by inputing 5 digits. Lead with a 0. Press # to confirm.
032
You selected 3200 as your speed
4,-48,2797,107
8,-37,2819,102
12,-1,2892,116
20,-31,2831,92
24,-20,2854,82
28,33,2962,71
32,73,3043,62
40,28,3017,48
44,29,3017,48
48,28,3017,48
52,28,3017,48
56,30,3017,48
60,28,3017,48
64,28,3017,48
68,29,3017,48
76,30,3017,48
80,29,3017,48
84,29,3017,48
88,29,3017,484
92,28,2425,40
96,60,2425,36
100,134,2425,26
104,185,2425,23
108,152,2425,78
112,50,2425,105 
116,10,2915,143
120,-36,2821,114
124,-35,2823,171
128,-14,2866,71
132,-10,2874,231
136,6,2907,162
140,66,3029,85
144,180,3245,89
148,248,3245,95
156,242,3245,81
160,134,3168,103
164,36,2968,82
168,-19,2856,73
172,-74,2744,69
176,-98,2695,63
180,-69,2754,60
184,-48,2797,92
188,-80,2731,84
192,-113,2664,83
196,-110,2670,74
200,-84,2723,67
204,-62,2768,58
208,-55,2782,65
212,-70,2752,55
216,-88,2715,45
220,-82,2719,32
224,-78,2719,28
228,-77,2719,28
232,-77,2719,28
236,-77,2719,28
240,-77,2719,28
244,-77,2719,28
248,-76,2719,28
252,-77,2719,28
256,-77,2719,28
260,-76,2719,28
264,-74,2719,30