In case I need it:

 
 Start
Turn the potentiometer clockwise to increase the steering gain from 0 to 10.2.
Press # when you are finished.#
Your gain is 6.7
Select a desired heading (0 to 3599) by inputing 5 digits. Lead with a 0. Press # to confirm.
01#
You selected 1000 as your heading
Select an initial speed (2765 to 3502) by inputing 5 digits. Lead with a 0. Press # to confirm.
0335#
You selected 3350 as your speed
4,-50,2559,119
8,-35,2659,146
12,-24,2733,154
16,-47,2579,118
20,120,3245,122
24,563,3245,107
28,379,3245,93
32,312,3245,82
36,370,3245,74
40,192,3245,96
44,-98,2425,111
48,-28,2706,173
52,91,3245,158
56,91,3245,145Press 4 for left or 6 for right.
Press space to return to normal path.

60,91,3245,13
64,91,3245,13
68,91,3245,13
72,91,3245,13
76,91,3245,13
80,91,3245,134
84,91,2425,107
88,91,2425,95
92,91,2425,81
96,91,2425,69
100,91,2425,72
104,72,2425,53
108,53,2425,38
112,184,2425,46 
116,364,2425,84
120,382,3245,81
124,289,3245,55
128,169,3245,57
132,17,3245,3
136,25,3245,3
140,1,3245,8
144,19,3245,30
148,-31,3245,3
152,21,3245,3 
              Start
Turn the potentiometer clockwise to increase the steering gain from 0 to 10.2.
Press # when you are finished.#
Your gain is 6.7
Select a desired heading (0 to 3599) by inputing 5 digits. Lead with a 0. Press # to confirm.
006#  
You selected 600 as your heading
Select an initial speed (2765 to 3502) by inputing 5 digits. Lead with a 0. Press # to confirm.
03#
You selected 3000 as your speed
4,-1000,2425,100
8,-999,2425,174
12,-995,2425,196
16,-994,2425,177
20,-993,2425,184
24,-994,2425,198
28,-994,2425,197
32,-995,2425,138
36,-994,2425,128
40,-994,2425,112
44,-990,2425,197
48,-993,2425,188
52,-996,2425,103
56,-994,2425,198
60,-994,2425,146
64,-993,2425,91
68,-992,2425,190
72,-997,2425,88
76,-994,2425,197 
                 Start
Turn the potentiometer clockwise to increase the steering gain from 0 to 10.2.
Press # when you are finished.#
Your gain is 6.7
Select a desired heading (0 to 3599) by inputing 5 digits. Lead with a 0. Press # to confirm.
006#
You selected 600 as your heading
Select an initial speed (2765 to 3502) by inputing 5 digits. Lead with a 0. Press # to confirm.
031#
You selected 3100 as your speed
4,-963,2425,196
8,-834,2425,183
12,-656,2425,115
16,-509,2425,99
20,-350,2425,56Press 4 for left or 6 for right.
Press space to return to normal path.

24,-275,2425,46
28,-276,2425,46
32,-274,2425,46
36,-276,2425,464
40,-273,2425,60
44,-260,2425,173
48,-259,2425,165
52,-305,2425,168
56,-359,2425,165
60,-377,2425,163 
64,-364,2425,162
68,-331,2425,160
72,-279,2425,310
76,-243,2425,237
80,-203,2425,181
84,-175,2425,106
88,-164,2425,159
92,-170,2425,283
96,-204,2425,258
100,-285,2425,163
104,-379,2425,268
108,-513,2425,147
112,-648,2425,262
116,-756,2425,170
120,-847,2425,157
124,-898,2425,146
128,-950,2425,278
132,-996,2425,214
136,-1020,2425,209
140,-1037,2425,285
144,-1024,2425,119
148,-993,2425,276
152,-958,2425,196
156,-935,2425,134
160,-927,2425,142
164,-947,2425,107
168,-980,2425,99
172,-1019,2425,93
176,-1054,2425,129
180,-1084,2425,157
184,-1104,2425,87
188,-1117,2425,128
192,-1124,2425,107
196,-1117,2425,119
200,-1097,2425,126
204,-1072,2425,108
208,-1020,2425,80
212,-953,2425,91
216,-867,2425,84
220,-758,2425,103
224,-652,2425,131
228,-486,2425,67
232,-327,2425,58
236,-227,2425,57
240,-203,2425,147
244,-200,2425,141
248,-186,2425,108
252,-173,2425,104
256,-205,2425,126
260,-340,2425,98
264,-467,2425,121
268,-585,2425,106
272,-616,2425,112
276,-602,2425,98
280,-556,2425,110
284,-512,2425,100
288,-459,2425,100
292,-422,2425,96
296,-389,2425,92
300,-347,2425,91
304,-301,2425,14
308,-261,2425,8
312,-265,2425,6
316,-263,2425,5
320,-261,2425,4
324,-261,2425,4
328,-259,2425,3
332,-259,2425,3
336,-261,2425,3
340,-260,2425,3
344,-263,2425,91
348,-250,2425,92
352,-210,2425,88
356,-208,2425,102
360,-197,2425,112
364,-229,2425,94
368,-197,2425,112
372,-197,2425,100
376,-252,2425,89
380,-194,2425,87
384,-178,2425,93
388,-186,2425,112
392,-65,2458,154
396,-50,2559,123
400,-22,2747,118
404,-27,2713,118
408,-53,2538,125
412,-32,2679,134
416,94,3245,186
420,-18,2774,258
424,-83,2425,149
428,-202,2425,112
432,-425,2425,130
436,-532,2425,232
440,-574,2425,199
444,-549,2425,139
448,-498,2425,193
452,-436,2425,107
456,-402,2425,144
460,-379,2425,195
464,-377,2425,113
468,-383,2425,93
472,-378,2425,181
476,-366,2425,176
480,-349,2425,172